M2
8 6
0 0 0
687 0 0
1374 0 0
2061 0 0
2748 0 0
3435 0 0
4122 0 0
4790 0 0
0 722 0
687 722 0
1374 722 0
2061 722 0
2748 722 0
3435 722 0
4122 722 0
4790 722 0
0 1444 0
687 1444 0
1374 1444 0
2061 1444 0
2748 1444 0
3435 1444 0
4122 1444 0
4790 1444 0
0 2166 0
687 2166 0
1374 2166 0
2061 2166 0
2748 2166 0
3435 2166 0
4122 2166 0
4790 2166 0
0 2888 0
687 2888 0
1374 2888 0
2061 2888 0
2748 2888 0
3435 2888 0
4122 2888 0
4790 2888 0
0 3590 0
687 3590 0
1374 3590 0
2061 3590 0
2748 3590 0
3435 3590 0
4122 3590 0
4790 3590 0
